1 2
3 0 0 240.6 988.005 0 0.005 10 1 G
3 0 0 213.333 988.005 0 0.005 10 1 Yago
9 0 0 0 1016 0 0 0 
9 0 0 468 1016 0 0 0 
9 0 0 936 1016 0 0 0 
9 0 0 1404 1016 0 0 0 
9 0 0 1872 1016 0 0 0 
9 0 0 1820 824 0 0 0 
9 0 0 1820 632 0 0 0 
9 0 0 1820 440 0 0 0 
9 0 0 -348 824 0 0 0 
9 0 0 -348 632 0 0 0 
9 0 0 -348 440 0 0 0 
9 0 0 -348 248 0 0 0 
11 0 0 1870 809 0 0 1 1
11 0 0 1870 617 0 0 1 1
11 0 0 1870 425 0 0 1 1
11 0 0 0 1001 0 0 1 1
11 0 0 1870 1001 0 0 1 1
11 0 0 0 809 0 0 1 1
11 0 0 0 617 0 0 1 1
11 0 0 0 425 0 0 1 1
4 0 0 87.5889 761.205 0.03 0.005 3 1 62 761 1
4 0 0 97.5889 569.205 0.03 0.005 3 1 72 569 1
4 0 1 107.589 377.2 0.03 0 3 1 82 377 1
